36 25
0;0;0;0;0;0;0;0;0;0;0;0;0;0;0;0;0;0;0;0;0;0;0;0;0;0;0;0;0;0;0;0;0;0;0;0;
0;0;0;0;0;0;0;0;0;0;0;0;0;0;0;0;0;0;0;0;0;0;0;0;0;0;0;0;0;0;0;0;0;0;0;0;
0;0;0;0;0;0;0;0;0;0;0;0;0;0;0;0;0;0;0;0;0;0;0;0;0;0;0;0;0;0;0;0;0;0;0;0;
0;0;0;0;0;0;0;0;0;0;0;0;0;0;0;0;0;0;0;0;0;0;0;0;0;0;0;0;0;0;0;0;0;0;0;0;
0;0;0;0;0;0;0;0;0;0;0;0;0;0;0;0;0;0;0;0;0;0;0;0;0;0;0;0;0;0;0;0;0;0;0;0;
0;0;0;0;0;0;0;0;0;0;0;0;0;0;0;0;0;0;0;0;0;0;0;0;0;0;0;0;0;0;0;0;0;0;0;0;
0;0;0;0;0;0;0;0;0;0;0;0;0;0;0;0;0;0;0;0;0;0;0;0;0;0;0;0;0;0;0;0;0;0;0;0;
0;0;0;0;0;0;0;0;0;0;0;0;0;0;0;0;0;0;0;0;0;0;0;0;0;0;0;0;0;0;0;0;0;0;0;0;
0;0;0;0;0;0;0;0;0;0;0;0;0;0;0;0;0;0;0;0;0;0;0;0;0;0;0;0;0;0;0;0;0;0;0;0;
0;0;0;0;0;0;0;0;0;0;0;0;0;0;0;0;0;0;0;0;0;0;0;0;0;0;0;0;0;0;0;0;0;0;0;0;
0;0;0;0;0;0;0;0;0;0;0;0;0;0;0;0;0;0;0;0;0;0;0;0;0;0;0;0;0;0;0;0;0;0;0;0;
0;0;0;0;0;0;0;0;0;0;0;0;0;0;0;0;0;0;0;0;0;0;0;0;0;0;0;0;0;0;0;0;0;0;0;0;
0;0;0;0;0;0;0;0;0;0;0;0;0;0;0;0;0;0;0;2;0;0;0;0;0;0;0;0;0;0;0;0;0;0;0;0;
0;0;0;0;0;0;0;0;0;0;0;0;0;0;0;0;0;0;0;0;0;0;0;0;0;0;0;0;0;0;0;0;0;0;0;0;
0;0;0;0;0;0;0;0;0;0;0;0;0;0;0;0;0;0;0;2;0;0;0;0;0;0;0;0;0;0;0;0;0;0;0;0;
0;0;0;0;0;0;0;0;0;0;0;0;0;0;0;0;0;0;0;0;0;0;0;0;0;0;0;0;0;0;0;0;0;0;0;0;
0;0;0;0;0;0;0;0;0;0;0;0;0;0;0;0;0;0;0;0;0;0;0;0;0;0;0;0;0;0;0;0;0;0;0;0;
0;0;0;0;0;0;0;0;0;0;0;0;0;0;0;0;0;0;0;0;0;0;0;0;0;0;0;0;0;0;0;0;0;0;0;0;
0;0;0;0;0;0;0;0;0;2;0;2;0;0;0;0;0;0;0;0;0;0;0;0;0;0;0;0;0;0;0;0;0;0;0;0;
0;0;0;0;0;0;0;0;0;0;0;0;0;0;0;0;0;0;0;0;0;0;0;0;0;0;0;0;0;0;0;0;0;0;0;0;
0;0;0;0;0;0;0;0;0;0;0;0;0;0;0;0;0;0;0;0;0;0;0;0;0;0;0;0;0;0;0;0;0;0;0;0;
0;0;0;0;0;0;0;0;0;0;0;0;0;0;0;0;0;0;0;0;0;0;0;0;0;0;0;0;0;0;0;0;0;0;0;0;
0;0;0;0;0;0;0;0;0;0;0;0;0;0;0;0;0;0;0;0;0;0;0;0;0;0;0;0;0;0;0;0;0;0;0;0;
0;0;0;0;0;0;0;0;0;0;0;0;0;0;0;0;0;0;0;0;0;0;0;0;0;0;0;0;0;0;0;0;0;0;0;0;
0;0;0;0;0;0;0;0;0;0;0;0;0;0;0;0;0;0;0;0;0;0;0;0;0;0;0;0;0;0;0;0;0;0;0;0;



GRID
6,31,Wall1
6,33,Wall1
6,35,Wall1
6,37,Wall1
6,39,Wall1
7,30,Wall1
7,36,Wall1
7,40,Wall1
8,15,Wall1
8,17,Wall1
8,19,Wall1
9,14,Wall1
9,20,Wall1
9,30,Wall1
9,36,ClosedDoor
9,40,Wall1
10,5,Wall1
10,7,Wall1
10,9,Wall1
11,4,Wall1
11,10,Wall1
11,14,Wall1
11,20,Wall1
11,30,Wall1
11,36,Wall1
11,40,Wall1
12,11,Wall1
12,13,Wall1
12,21,Wall1
12,23,Wall1
12,25,ClosedDoor
12,27,Wall1
12,29,Wall1
12,37,Wall1
12,39,Wall1
13,4,Wall1
13,20,ClosedDoor
13,28,Wall1
13,40,Wall1
14,41,Wall1
15,4,Wall1
15,20,Wall1
15,28,Wall1
15,42,Wall1
16,5,Wall1
16,7,Wall1
16,11,Wall1
16,13,Wall1
16,15,Wall1
16,17,Wall1
16,19,Wall1
17,8,Wall1
17,10,Wall1
17,20,Wall1
17,28,Wall1
17,42,Wall1
19,8,Wall1
19,10,Wall1
19,20,Wall1
19,28,Wall1
19,42,Wall1
21,8,Wall1
21,10,ClosedDoor
21,20,ClosedDoor
21,28,Wall1
21,42,Wall1
23,8,Wall1
23,10,Wall1
23,20,Wall1
23,28,Wall1
23,42,Wall1
24,41,Wall1
25,8,Wall1
25,10,Wall1
25,20,Wall1
25,28,Wall1
25,40,Wall1
26,7,Wall1
26,9,ClosedDoor
26,11,Wall1
26,39,Wall1
27,6,Wall1
27,12,Wall1
27,20,Wall1
27,28,Wall1
27,38,Wall1
28,21,Wall1
28,23,Wall1
28,25,ClosedDoor
28,27,Wall1
28,29,Wall1
28,31,ClosedDoor
28,33,Wall1
28,35,ClosedDoor
28,37,Wall1
29,6,Wall1
29,12,Wall1
29,20,Wall1
29,22,Wall1
29,34,Wall1
29,38,Wall1
30,13,Wall1
30,15,Wall1
30,17,Wall1
30,19,Wall1
31,6,Wall1
31,12,ClosedDoor
31,20,Wall1
31,22,ClosedDoor
31,34,Wall1
31,38,Wall1
33,6,Wall1
33,12,Wall1
33,20,Wall1
33,22,Wall1
33,34,Wall1
33,38,Wall1
34,13,Wall1
34,15,Wall1
34,21,Wall1
34,23,Wall1
34,25,Wall1
34,27,Wall1
34,29,Wall1
34,35,Wall1
34,37,Wall1
35,6,Wall1
35,12,Wall1
35,16,Wall1
35,20,Wall1
35,30,Wall1
35,34,Wall1
37,6,Wall1
37,12,Wall1
37,16,Wall1
37,20,Wall1
37,30,ClosedDoor
37,34,Wall1
38,7,Wall1
38,9,Wall1
38,11,Wall1
39,16,Wall1
39,20,Wall1
39,30,Wall1
39,34,Wall1
41,16,Wall1
41,20,Wall1
41,30,Wall1
41,34,Wall1
43,16,Wall1
43,20,Wall1
43,30,Wall1
43,34,Wall1
44,35,Wall1
44,37,Wall1
44,39,Wall1
45,16,Wall1
45,20,Wall1
45,30,Wall1
45,40,Wall1
46,15,Wall1
46,17,ClosedDoor
46,19,Wall1
46,21,Wall1
46,23,Wall1
46,25,Wall1
46,27,ClosedDoor
46,29,Wall1
47,14,Wall1
47,26,Wall1
47,30,Wall1
47,40,Wall1
49,14,Wall1
49,26,Wall1
49,30,Wall1
49,40,Wall1
51,14,Wall1
51,26,Wall1
51,30,Wall1
51,40,Wall1
52,15,Wall1
52,17,ClosedDoor
52,19,Wall1
52,27,Wall1
52,29,Wall1
52,31,Wall1
52,33,Wall1
52,35,Wall1
53,14,Wall1
53,20,Wall1
53,26,Wall1
53,36,Wall1
53,40,Wall1
55,14,Wall1
55,20,ClosedDoor
55,26,ClosedDoor
55,36,ClosedDoor
55,40,Wall1
57,14,Wall1
57,20,Wall1
57,26,Wall1
57,36,Wall1
57,40,Wall1
58,37,Wall1
58,39,Wall1
59,14,Wall1
59,20,Wall1
59,26,Wall1
59,36,Wall1
60,15,Wall1
60,17,Wall1
60,19,Wall1
60,21,Wall1
60,23,Wall1
60,25,Wall1
61,26,Wall1
61,36,Wall1
63,26,Wall1
63,36,Wall1
64,27,Wall1
64,29,Wall1
64,31,ClosedDoor
64,33,Wall1
64,35,Wall1
/GRID



DEPLOY
0,4,1
0,5,1
0,6,1
0,7,1
0,8,1
0,9,1
0,10,1
0,11,1
0,12,1
0,13,1
0,14,1
0,15,1
0,16,1
0,17,1
0,18,1
0,19,1
0,20,1
1,4,1
1,5,1
1,6,1
1,7,1
1,8,1
1,9,1
1,10,1
1,11,1
1,12,1
1,13,1
1,14,1
1,15,1
1,16,1
1,17,1
1,18,1
1,19,1
1,20,1
2,4,1
2,5,1
2,6,1
2,7,1
2,8,1
2,9,1
2,10,1
2,11,1
2,12,1
2,13,1
2,14,1
2,15,1
2,16,1
2,17,1
2,18,1
2,19,1
2,20,1
3,15,2
3,16,2
3,17,2
3,18,2
3,19,2
4,7,2
4,8,2
4,9,2
4,15,2
4,16,2
4,17,2
4,18,2
4,19,2
5,2,2
5,3,2
5,4,2
5,7,2
5,8,2
5,9,2
5,15,2
5,16,2
5,17,2
5,18,2
5,19,2
6,2,2
6,3,2
6,4,2
6,5,2
6,6,2
6,7,2
6,8,2
6,9,2
6,10,2
6,11,2
6,12,2
6,13,2
6,14,2
6,15,2
6,16,2
6,17,2
6,18,2
6,19,2
7,2,2
7,3,2
7,4,2
7,5,2
7,6,2
7,7,2
7,8,2
7,9,2
7,10,2
7,11,2
7,12,2
7,13,2
7,14,2
7,15,2
7,16,2
7,17,2
7,18,2
7,19,2
7,20,2
8,4,2
8,5,2
8,6,2
8,7,2
8,8,2
8,9,2
8,10,2
8,11,2
8,12,2
8,13,2
8,14,2
8,15,2
8,16,2
8,17,2
8,18,2
8,19,2
8,20,2
9,4,2
9,5,2
9,7,2
9,8,2
9,9,2
9,10,2
9,11,2
9,12,2
9,13,2
9,14,2
9,15,2
9,16,2
9,17,2
9,18,2
9,19,2
9,20,2
10,4,2
10,5,2
10,6,2
10,7,2
10,8,2
10,9,2
10,10,2
10,11,2
10,12,2
10,13,2
10,14,2
10,15,2
10,16,2
10,17,2
10,18,2
10,19,2
10,20,2
11,4,2
11,5,2
11,7,2
11,8,2
11,9,2
11,10,2
11,11,2
11,12,2
11,13,2
11,14,2
11,15,2
11,16,2
11,17,2
11,18,2
11,19,2
11,20,2
12,4,2
12,5,2
12,6,2
12,7,2
12,8,2
12,9,2
12,10,2
12,11,2
12,12,2
12,13,2
12,14,2
12,15,2
12,16,2
12,17,2
12,18,2
12,19,2
13,3,2
13,4,2
13,5,2
13,6,2
13,7,2
13,8,2
13,9,2
13,10,2
13,11,2
13,12,2
13,13,2
13,14,2
13,15,2
13,16,2
13,17,2
13,18,2
14,3,2
14,4,2
14,5,2
14,6,2
14,7,2
14,8,2
14,9,2
14,10,2
14,11,2
14,12,2
14,13,2
14,14,2
14,15,2
14,16,2
14,17,2
14,18,2
15,3,2
15,4,2
15,5,2
15,6,2
15,7,2
15,8,2
15,9,2
15,10,2
15,11,2
15,12,2
15,13,2
15,14,2
15,15,2
15,16,2
15,17,2
15,18,2
16,3,2
16,4,2
16,5,2
16,6,2
16,7,2
16,8,2
16,9,2
16,10,2
16,11,2
16,12,2
16,13,2
16,14,2
16,15,2
16,16,2
16,17,2
16,18,2
17,3,2
17,4,2
17,5,2
17,8,2
17,9,2
17,10,2
17,11,2
17,12,2
17,13,2
17,14,2
17,15,2
17,16,2
18,3,2
18,4,2
18,5,2
18,8,2
18,9,2
18,10,2
18,11,2
18,12,2
18,13,2
18,14,2
18,15,2
18,16,2
19,8,2
19,9,2
19,11,2
19,13,2
19,14,2
19,15,2
19,16,2
20,8,2
20,9,2
20,10,2
20,11,2
20,12,2
20,13,2
20,14,2
20,15,2
20,16,2
21,8,2
21,9,2
21,10,2
21,11,2
21,12,2
21,13,2
21,14,2
21,15,2
21,16,2
22,8,2
22,9,2
22,10,2
22,11,2
22,12,2
22,13,2
22,14,2
22,15,2
22,16,2
22,17,2
22,18,2
22,19,2
23,7,2
23,8,2
23,9,2
23,10,2
23,11,2
23,12,2
23,13,2
23,14,2
23,15,2
23,16,2
23,17,2
23,18,2
23,19,2
24,7,2
24,8,2
24,9,2
24,10,2
24,11,2
24,12,2
24,13,2
24,14,2
24,15,2
24,16,2
24,17,2
24,18,2
24,19,2
25,7,2
25,8,2
25,9,2
25,10,2
25,11,2
25,12,2
25,13,2
25,14,2
25,15,2
25,16,2
25,17,2
25,18,2
25,19,2
26,7,2
26,8,2
26,9,2
26,10,2
26,11,2
26,12,2
26,13,2
26,14,2
26,15,2
26,16,2
26,17,2
26,18,2
26,19,2
27,7,2
27,8,2
27,9,2
27,10,2
27,11,2
27,12,2
27,13,2
27,14,2
27,15,2
27,16,2
27,17,2
27,18,2
27,19,2
28,7,2
28,8,2
28,9,2
28,10,2
28,11,2
28,12,2
28,13,2
28,14,2
28,15,2
28,16,2
28,17,2
28,18,2
28,19,2
29,7,2
29,8,2
29,9,2
29,10,2
29,11,2
29,12,2
29,13,2
29,14,2
29,15,2
29,16,2
29,17,2
30,13,2
30,14,2
30,15,2
30,16,2
30,17,2
31,13,2
31,14,2
31,15,2
31,16,2
31,17,2
32,3,1
32,4,1
32,5,1
32,6,1
32,7,1
32,8,1
32,9,1
32,10,1
32,19,1
32,20,1
33,3,1
33,4,1
33,5,1
33,6,1
33,7,1
33,8,1
33,9,1
33,10,1
33,11,1
33,12,1
33,13,1
33,14,1
33,15,1
33,16,1
33,17,1
33,18,1
33,19,1
33,20,1
34,3,1
34,4,1
34,5,1
34,6,1
34,7,1
34,8,1
34,9,1
34,10,1
34,11,1
34,12,1
34,13,1
34,14,1
34,15,1
34,16,1
34,17,1
34,18,1
34,19,1
34,20,1
/DEPLOY
