20 22
0;0;0;0;0;0;0;0;0;0;0;0;0;0;0;0;0;0;0;0;
0;0;0;0;0;0;0;0;0;0;0;0;0;0;0;0;0;0;0;0;
0;0;0;0;0;0;0;0;0;0;0;0;0;0;0;0;0;0;0;0;
0;0;0;0;0;0;0;0;0;0;0;0;0;0;0;0;0;0;0;0;
0;0;0;0;0;0;0;0;0;0;0;0;0;0;0;0;0;0;0;0;
0;0;0;0;0;0;0;0;0;0;0;0;0;0;0;0;0;0;0;0;
0;0;0;0;0;0;0;0;0;0;0;0;0;0;0;0;0;0;0;0;
0;0;0;0;0;0;0;0;0;0;0;0;0;0;0;0;0;0;0;0;
0;0;0;0;0;0;0;0;0;0;0;0;0;0;0;0;0;0;0;0;
0;0;0;0;0;0;0;0;0;0;0;0;0;0;0;0;0;0;0;0;
0;0;0;0;0;0;0;0;0;0;0;0;0;0;0;0;0;0;0;0;
0;0;0;0;0;0;0;0;0;0;0;0;0;0;0;0;0;0;0;0;
0;0;0;0;0;0;0;0;0;0;0;0;0;0;0;0;0;0;0;0;
0;0;0;0;0;0;0;0;0;0;0;0;0;0;0;0;0;0;0;0;
0;0;0;0;0;0;0;0;0;0;0;0;0;0;0;0;0;0;0;0;
0;0;0;0;0;0;0;0;0;0;0;0;0;0;0;0;0;0;0;0;
0;0;0;0;0;0;0;0;0;0;0;0;0;0;0;0;0;0;0;0;
0;0;0;0;0;0;0;0;0;0;0;0;0;0;0;0;0;0;0;0;
0;0;0;0;0;0;0;0;0;0;0;0;0;0;0;0;0;0;0;0;
0;0;0;0;0;0;0;0;0;0;0;0;0;0;0;0;0;0;0;0;
0;0;0;0;0;0;0;0;0;0;0;0;0;0;0;0;0;0;0;0;
0;0;0;0;0;0;0;0;0;0;0;0;0;0;0;0;0;0;0;0;



GRID
2,5,Wall1
2,7,Wall1
2,9,Wall1
2,11,Wall1
2,13,Wall1
3,4,Wall1
3,8,Wall1
3,14,Wall1
5,4,Wall1
5,14,Wall1
6,15,Wall1
6,17,Wall1
6,19,Wall1
6,21,Wall1
6,23,Wall1
6,25,Wall1
6,27,ClosedDoor
6,29,Wall1
6,31,Wall1
6,37,Wall1
6,39,Wall1
7,4,ClosedDoor
7,14,Wall1
7,20,Wall1
7,32,Wall1
7,36,Wall1
7,40,Wall1
9,4,Wall1
9,14,ClosedDoor
9,20,ClosedDoor
9,32,Wall1
9,36,Wall1
9,40,Wall1
10,33,Wall1
10,35,Wall1
11,4,Wall1
11,14,Wall1
11,20,Wall1
11,32,Wall1
11,40,Wall1
13,4,Wall1
13,14,Wall1
13,20,Wall1
13,32,ClosedDoor
13,40,ClosedDoor
14,5,Wall1
14,7,Wall1
14,9,Wall1
14,11,ClosedDoor
14,13,Wall1
14,15,Wall1
14,17,Wall1
14,19,Wall1
14,21,Wall1
14,23,Wall1
15,4,Wall1
15,24,Wall1
15,32,Wall1
15,40,Wall1
16,25,Wall1
16,27,Wall1
16,29,ClosedDoor
16,31,Wall1
16,33,Wall1
16,35,Wall1
16,37,ClosedDoor
16,39,Wall1
17,4,Wall1
17,40,Wall1
18,5,Wall1
18,7,Wall1
18,9,Wall1
19,4,Wall1
19,10,Wall1
19,40,Wall1
20,17,Wall1
20,19,Wall1
20,21,ClosedDoor
20,23,Wall1
20,25,Wall1
21,4,Wall1
21,10,ForceField
21,16,Wall1
21,26,Wall1
21,40,Wall1
22,33,Wall1
22,35,Wall1
22,37,ClosedDoor
22,39,Wall1
23,4,Wall1
23,10,Wall1
23,16,Wall1
23,26,Wall1
23,32,Wall1
23,40,Wall1
24,31,Wall1
25,4,Wall1
25,10,ClosedDoor
25,16,ClosedDoor
25,26,ClosedDoor
25,30,Wall1
25,40,ClosedDoor
27,4,Wall1
27,10,Wall1
27,16,Wall1
27,26,Wall1
27,30,ForceField
27,40,Wall1
28,31,Wall1
28,33,Wall1
28,35,ClosedDoor
28,37,Wall1
28,39,Wall1
29,4,Wall1
29,10,Wall1
29,16,Wall1
29,26,Wall1
29,30,Wall1
29,40,Wall1
30,5,Wall1
30,7,ForceField
30,9,Wall1
30,11,ClosedDoor
30,13,Wall1
30,15,Wall1
30,17,Wall1
30,19,Wall1
30,21,ForceField
30,23,Wall1
30,25,Wall1
31,4,Wall1
31,30,Wall1
31,40,Wall1
32,31,Wall1
32,33,Wall1
32,35,Wall1
32,37,Wall1
32,39,Wall1
33,4,ClosedDoor
33,30,Wall1
35,4,Wall1
35,30,Wall1
36,5,Wall1
36,7,Wall1
36,9,Wall1
36,11,Wall1
36,13,Wall1
36,15,Wall1
36,17,Wall1
36,19,Wall1
36,21,Wall1
36,23,Wall1
36,25,Wall1
36,27,ClosedDoor
36,29,Wall1
/GRID



DEPLOY
2,0,1
2,1,1
3,0,1
3,1,1
3,20,2
3,21,2
4,0,1
4,1,1
4,20,2
4,21,2
5,0,1
5,1,1
5,20,2
5,21,2
6,0,1
6,1,1
6,20,2
6,21,2
7,0,1
7,1,1
7,20,2
7,21,2
8,0,1
8,1,1
8,20,2
8,21,2
9,0,1
9,1,1
9,20,2
9,21,2
10,0,1
10,1,1
10,20,2
10,21,2
11,0,1
11,1,1
11,20,2
11,21,2
12,0,1
12,1,1
12,20,2
12,21,2
13,0,1
13,1,1
13,20,2
13,21,2
14,0,1
14,1,1
14,20,2
14,21,2
15,0,1
15,1,1
15,20,2
15,21,2
16,0,1
16,1,1
16,20,2
16,21,2
/DEPLOY
