30 29
0;0;0;0;0;0;0;0;0;0;0;0;0;0;0;0;0;0;0;0;0;0;0;0;0;0;0;0;0;0;
0;0;0;0;0;0;0;0;0;0;0;0;0;0;0;0;0;0;0;0;0;0;0;0;0;0;0;0;0;0;
0;0;0;0;0;0;0;0;0;0;0;0;0;0;0;0;0;0;0;0;0;0;0;0;3;3;3;3;0;0;
0;0;0;0;0;0;0;1;0;1;0;1;0;1;0;0;0;0;0;0;0;0;0;0;3;3;3;3;0;0;
0;0;0;0;0;0;0;0;0;0;0;0;0;0;0;0;0;0;0;0;0;0;0;0;3;3;3;3;0;0;
0;0;0;0;0;0;0;0;0;0;0;0;0;0;0;0;0;0;0;0;0;0;0;0;0;0;0;0;0;0;
0;0;0;0;0;0;0;0;0;0;0;1;1;1;0;0;0;0;0;0;0;0;0;0;0;0;0;0;0;0;
0;0;0;0;0;0;0;0;0;0;0;0;0;0;0;0;0;0;0;0;0;0;0;0;1;0;1;0;0;0;
0;0;0;0;0;0;0;0;0;0;0;0;0;0;0;0;0;0;0;0;0;0;0;0;0;0;0;0;0;0;
0;0;0;0;0;0;0;0;0;0;0;0;0;0;0;0;0;0;0;0;0;0;0;0;0;0;0;0;0;0;
0;0;0;0;0;0;0;0;0;0;0;0;0;0;0;0;0;0;0;0;0;0;0;0;0;0;0;0;0;0;
0;0;0;0;0;0;0;0;0;0;0;0;0;0;0;0;0;0;0;0;0;0;0;0;3;3;3;3;0;0;
0;0;0;0;0;0;0;0;0;0;0;0;0;0;0;0;0;0;0;0;0;0;0;0;3;3;3;3;0;0;
0;0;0;0;0;0;0;0;0;0;0;0;0;0;0;0;0;0;0;0;0;0;0;0;3;3;3;3;0;0;
0;0;0;0;0;0;0;0;0;0;0;0;0;0;0;0;0;0;0;0;0;0;0;0;0;0;0;0;0;0;
0;0;0;0;0;0;0;0;0;0;0;0;0;0;0;0;0;0;0;0;0;0;0;0;1;0;0;1;0;0;
0;0;0;0;0;0;0;0;0;0;0;0;0;0;0;0;0;0;0;0;0;1;0;0;0;0;0;0;0;0;
0;0;0;0;0;0;0;0;0;0;0;0;0;0;0;0;0;0;0;0;0;1;0;0;0;0;0;0;0;0;
0;0;0;0;0;0;0;0;0;0;0;0;0;0;0;0;0;0;0;0;0;0;0;0;0;2;2;2;0;0;
0;0;0;0;0;0;0;0;0;0;0;0;0;0;0;0;0;0;0;0;0;0;0;0;0;2;2;2;0;0;
0;0;0;0;0;0;0;0;0;0;0;0;0;0;0;0;0;0;0;0;0;1;0;0;0;0;0;0;0;0;
0;0;0;0;0;0;0;0;0;0;0;0;0;0;0;0;0;0;0;0;0;1;0;0;1;0;0;2;0;0;
0;0;0;0;0;0;0;0;0;0;0;0;0;0;0;0;0;0;0;0;0;0;0;0;0;1;0;0;0;0;
0;0;0;0;0;0;0;0;0;0;0;0;0;0;0;0;0;0;0;0;0;0;0;0;0;0;0;0;0;0;
0;0;0;0;0;0;0;0;0;0;0;0;0;0;0;0;0;0;0;0;0;1;0;0;3;3;3;3;0;0;
0;0;0;0;0;0;0;0;0;0;0;0;0;0;0;0;0;0;0;0;0;1;0;0;3;3;3;3;0;0;
0;0;0;0;0;0;0;0;0;0;0;0;0;0;0;0;0;0;0;0;0;0;0;0;3;3;3;3;0;0;
0;0;0;0;0;0;0;0;0;0;0;0;0;0;0;0;0;0;0;0;0;0;0;0;0;0;0;0;0;0;
0;0;0;0;0;0;0;0;0;0;0;0;0;0;0;0;0;0;0;0;0;0;0;0;0;0;0;0;0;0;



GRID
2,5,Wall1
2,7,Wall1
2,9,Wall1
2,11,Wall3
2,13,ClosedDoor
3,4,ForceField
3,14,Ruin
5,4,Wall1
5,14,Wall1
6,15,OpenedDoor
6,17,Wall1
6,19,Wall2
6,21,Wall2
6,23,Wall2
6,25,Wall1
6,27,Wall1
6,29,Wall1
6,31,Wall3
6,37,Wall1
6,39,Wall1
6,51,Wall1
6,53,Wall1
7,14,Wall1
7,20,Wall1
7,32,Wall1
7,36,Wall1
7,40,Wall1
7,50,Wall1
7,54,Wall1
9,4,Wall1
9,32,Wall1
9,36,Wall1
9,40,Wall1
9,50,Wall1
9,54,Wall1
10,33,Wall1
10,35,Wall1
10,47,Wall1
10,49,Wall1
11,4,Wall1
11,14,Wall1
11,20,Wall1
11,32,Wall1
11,40,Wall1
11,46,Wall1
11,54,Wall1
13,4,Wall1
13,14,Wall1
13,20,Wall1
13,46,Wall1
13,54,Wall1
14,5,Wall1
14,7,Wall1
14,9,Wall1
14,13,Wall1
14,15,Wall1
14,17,Wall1
14,19,Wall1
14,21,Wall1
14,23,Wall1
15,4,Wall1
15,24,Wall1
15,32,Wall1
15,40,Wall1
15,46,Wall1
16,25,Wall1
16,27,Wall1
16,31,Wall1
16,33,Wall1
16,35,Wall1
16,39,Wall1
17,4,Wall1
17,40,Wall1
17,46,Wall1
17,54,Wall1
18,5,Wall1
18,7,Wall1
18,41,Wall1
18,43,Wall1
18,45,Wall1
19,4,Wall1
19,8,Wall1
19,40,Wall1
20,17,Wall1
20,19,Wall1
20,23,Wall1
20,25,Wall1
21,4,Wall1
21,8,Wall1
21,16,Wall1
21,26,Wall1
21,40,Wall1
21,54,Wall1
22,9,Wall1
22,33,Wall1
22,39,Wall1
23,4,Wall1
23,10,Wall1
23,16,Wall1
23,26,Wall1
23,32,Wall1
23,40,Wall1
24,31,Wall1
25,4,Wall1
25,16,Wall1
25,30,Wall1
25,54,Wall1
27,4,Wall1
27,10,Wall1
27,16,Wall1
27,26,Wall1
27,30,Wall1
27,40,Wall1
28,31,Wall1
28,33,Wall1
28,37,Wall1
28,39,Wall1
29,4,Wall1
29,10,Wall1
29,16,Wall1
29,26,Wall1
29,30,Wall1
29,40,Wall1
29,54,Wall1
30,5,Wall1
30,7,Wall1
30,9,Wall1
30,11,Wall1
30,13,Wall1
30,15,Wall1
30,17,Wall1
30,19,Wall1
30,21,Wall1
30,23,Wall1
30,25,Wall1
31,4,Wall1
31,30,Wall1
31,40,Wall1
31,54,Wall1
32,31,Wall1
32,37,Wall1
32,39,Wall1
32,45,Wall1
32,47,Wall1
32,49,Wall1
32,51,Wall1
32,53,Wall1
33,30,Wall1
33,36,Wall1
33,48,Wall1
33,54,Wall1
35,4,Wall1
35,30,Wall1
35,36,Wall1
35,54,Wall1
36,5,Wall1
36,7,Wall1
36,11,Wall1
36,13,Wall1
36,15,Wall1
36,19,Wall1
36,21,Wall1
36,23,Wall1
36,27,Wall1
36,29,Wall1
37,36,Wall1
37,40,Wall1
37,44,Wall1
37,54,Wall1
38,41,Wall1
38,43,Wall1
38,49,Wall1
38,53,Wall1
39,36,Wall1
39,40,Wall1
39,44,Wall1
39,48,Wall1
41,36,Wall1
41,48,Wall1
43,36,Wall1
43,48,Wall1
44,37,Wall1
44,41,Wall1
44,43,Wall1
44,47,Wall1
/GRID
